0  0  1.6598  0.23698  2.4525  0  0  0  
0  0.11849  0.43355  0.23698  -2.4525  -0.550122  0.90147  1.26309  
0.5  0.23698  -3.2452  0.23698  -7.3575  319.827  8.04652  1535.59  
1  0.35547  733.497  0.23698  1473.48  67449  322395  2136.95  
1.5  0.47396  1467.79  0.23698  1468.58  67448.3  320252  4276.21  
2  0.59245  2199.62  0.23698  1463.67  67447.5  318117  6408.33  
2.5  0.71094  2929.01  0.23698  1458.77  67446.8  315988  8533.3  
3  0.82943  3655.94  0.23698  1453.86  67446  313867  10651.1  
3.5  0.94792  4380.42  0.23698  1448.96  67445.3  311752  12761.8  
4  1.06641  5102.45  0.23698  1444.05  67444.6  309645  14865.3  
4.5  1.1849  5822.02  0.23698  1439.15  67443.8  307545  16961.7  
5  1.30339  6539.15  0.23698  1434.24  67443.1  305452  19051  
5.5  1.42188  7253.82  0.23698  1429.34  67442.3  303367  21133.1  
6  1.54037  7966.03  0.23698  1424.43  67441.6  301288  23208  
6.5  1.65886  8675.8  0.23698  1419.53  67440.8  299217  25275.8  
7  1.77735  9383.11  0.23698  1414.62  67440.1  297153  27336.5  
7.5  1.89584  10088  0.23698  1409.72  67439.4  295096  29390  
8  2.01433  10790.4  0.23698  1404.81  67438.6  293046  31436.4  
8.5  2.13282  11490.3  0.23698  1399.91  67437.9  291003  33475.6  
9  2.25131  12187.8  0.23698  1395  67437.1  288967  35507.7  
9.5  2.3698  12882.9  0.23698  1390.1  67436.4  286939  37532.7  
10  2.48829  13575.5  0.23698  1385.19  67435.6  284917  39550.4  
10.5  2.60678  14265.6  0.23698  1380.29  67434.9  282903  41561.1  
11  2.72527  14953.3  0.23698  1375.38  67434.2  280896  43564.6  
11.5  2.84376  15638.6  0.23698  1370.48  67433.4  278896  45561  
12  2.96225  16321.3  0.23698  1365.57  67432.7  276903  47550.2  
12.5  3.08074  17001.7  0.23698  1360.67  67431.9  274918  49532.2  
13  3.19923  17679.6  0.23698  1355.76  67431.2  272939  51507.2  
13.5  3.31772  18355  0.23698  1350.86  67430.4  270968  53475  
14  3.43621  19028  0.23698  1345.95  67429.7  269004  55435.6  
14.5  3.5547  19698.5  0.23698  1341.05  67429  267046  57389.1  
15  3.67319  20366.6  0.23698  1336.14  67428.2  265097  59335.4  
15.5  3.79168  21032.2  0.23698  1331.24  67427.5  263154  61274.6  
16  3.91017  21695.4  0.23698  1326.33  67426.7  261218  63206.7  
16.5  4.02866  22356.1  0.23698  1321.43  67426  259290  65131.6  
17  4.14715  23014.3  0.23698  1316.52  67425.3  257368  67049.3  
17.5  4.26564  23670.1  0.23698  1311.62  67424.5  255454  68960  
18  4.38413  24323.5  0.23698  1306.71  67423.8  253547  70863.4  
18.5  4.50262  24974.4  0.23698  1301.81  67423  251647  72759.8  
19  4.62111  25622.9  0.23698  1296.9  67422.3  249754  74649  
19.5  4.7396  26268.9  0.23698  1292  67421.5  247869  76531  
