0  0  1.6598  0.23698  0.4905  0  0  0  
0  0.023698  1.61075  0.23698  -0.4905  -0.015518  0.0440644  4.69272  
0.1  0.047396  1.4636  0.23698  -1.4715  -0.0452182  0.329866  4.26401  
0.2  0.071094  1.21835  0.23698  -2.4525  -0.0749184  0.90147  3.54951  
0.3  0.094792  0.875  0.23698  -3.4335  -0.104619  1.75888  2.5492  
0.4  0.11849  0.43355  0.23698  -4.4145  -0.134319  2.90208  1.26309  
0.5  0.142188  -0.106  0.23698  -5.3955  2.96425  4.33109  14.7427  
0.6  0.165886  2.16791  0.23698  22.7391  16.272  76.7873  6.31592  
0.7  0.189584  4.34371  0.23698  21.7581  16.2423  70.3054  12.6549  
0.8  0.213282  6.42142  0.23698  20.7771  16.2126  64.1094  18.708  
0.9  0.23698  8.40102  0.23698  19.7961  16.1829  58.1992  24.4753  
1  0.260678  10.2825  0.23698  18.8151  16.1532  52.5747  29.9568  
1.1  0.284376  12.0659  0.23698  17.8341  16.1235  47.2361  35.1526  
1.2  0.308074  13.7512  0.23698  16.8531  16.0938  42.1833  40.0625  
1.3  0.331772  15.3384  0.23698  15.8721  16.0641  37.4162  44.6866  
1.4  0.35547  16.8275  0.23698  14.8911  16.0344  32.935  49.0249  
1.5  0.379168  18.2186  0.23698  13.9101  16.0047  28.7396  53.0775  
1.6  0.402866  19.5115  0.23698  12.9291  15.975  24.83  56.8442  
1.7  0.426564  20.7063  0.23698  11.9481  15.9453  21.2062  60.3251  
1.8  0.450262  21.803  0.23698  10.9671  15.9156  17.8682  63.5202  
1.9  0.47396  22.8016  0.23698  9.98605  15.8859  14.8159  66.4295  
2  0.497658  23.7021  0.23698  9.00505  15.8562  12.0495  69.053  
2.1  0.521356  24.5045  0.23698  8.02405  15.8265  9.56893  71.3907  
2.2  0.545054  25.2088  0.23698  7.04305  15.7968  7.37413  73.4426  
2.3  0.568752  25.815  0.23698  6.06205  15.7671  5.46512  75.2087  
2.4  0.59245  26.3231  0.23698  5.08105  15.7374  3.84192  76.689  
2.5  0.616148  26.7331  0.23698  4.10005  15.7077  2.50452  77.8835  
2.6  0.639846  27.045  0.23698  3.11905  15.678  1.45292  78.7922  
2.7  0.663544  27.2588  0.23698  2.13805  15.6483  0.687127  79.4151  
2.8  0.687242  27.3745  0.23698  1.15705  15.6186  0.207133  79.7522  
2.9  0.71094  27.3921  0.23698  0.176053  15.5889  0.0129415  79.8035  
3  0.734638  27.3116  0.23698  -0.804947  15.5592  0.104552  79.569  
3.1  0.758336  27.133  0.23698  -1.78595  15.5295  0.481964  79.0487  
3.2  0.782034  26.8563  0.23698  -2.76695  15.4998  1.14518  78.2426  
3.3  0.805732  26.4815  0.23698  -3.74795  15.4701  2.09419  77.1507  
3.4  0.82943  26.0087  0.23698  -4.72895  15.4404  3.32901  75.7729  
3.5  0.853128  25.4377  0.23698  -5.70995  15.4107  4.84963  74.1094  
3.6  0.876826  24.7686  0.23698  -6.69095  15.381  6.65605  72.1601  
3.7  0.900524  24.0014  0.23698  -7.67195  15.3513  8.74828  69.925  
3.8  0.924222  23.1361  0.23698  -8.65295  15.3216  11.1263  67.404  
3.9  0.94792  22.1727  0.23698  -9.63395  15.2919  13.7901  64.5973  
4  0.971618  21.1112  0.23698  -10.6149  15.2622  16.7398  61.5048  
4.1  0.995316  19.9516  0.23698  -11.5959  15.2325  19.9752  58.1264  
4.2  1.01901  18.6939  0.23698  -12.5769  15.2028  23.4964  54.4623  
4.3  1.04271  17.3381  0.23698  -13.5579  15.1731  27.3035  50.5124  
4.4  1.06641  15.8842  0.23698  -14.5389  15.1434  31.3963  46.2766  
4.5  1.09011  14.3322  0.23698  -15.5199  15.1137  35.7749  41.7551  
4.6  1.11381  12.6821  0.23698  -16.5009  15.084  40.4394  36.9478  
4.7  1.1375  10.9339  0.23698  -17.4819  15.0543  45.3896  31.8546  
4.8  1.1612  9.08763  0.23698  -18.4629  15.0246  50.6257  26.4757  
4.9  1.1849  7.14323  0.23698  -19.4439  14.9949  56.1475  20.8109  
5  1.2086  5.10074  0.23698  -20.4249  14.9652  61.9552  14.8604  
5.1  1.2323  2.96014  0.23698  -21.4059  14.9355  68.0486  8.62401  
5.2  1.25599  0.72145  0.23698  -22.3869  14.9058  74.4279  2.10185  
5.3  1.27969  -1.61534  0.23698  -23.3679  106.073  81.0929  434.083  
5.4  1.30339  11.7485  0.23698  133.639  557.287  2651.94  34.2279  
5.5  1.32709  25.0143  0.23698  132.658  557.257  2613.15  72.876  
5.6  1.35079  38.182  0.23698  131.677  557.227  2574.64  111.238  
5.7  1.37448  51.2516  0.23698  130.696  557.198  2536.42  149.315  
5.8  1.39818  64.223  0.23698  129.715  557.168  2498.49  187.106  
5.9  1.42188  77.0964  0.23698  128.734  557.138  2460.84  224.611  
6  1.44558  89.8717  0.23698  127.753  557.108  2423.48  261.83  
6.1  1.46928  102.549  0.23698  126.772  557.079  2386.4  298.763  
6.2  1.49297  115.128  0.23698  125.791  557.049  2349.61  335.411  
6.3  1.51667  127.609  0.23698  124.81  557.019  2313.11  371.772  
6.4  1.54037  139.992  0.23698  123.829  556.99  2276.89  407.848  
6.5  1.56407  152.277  0.23698  122.848  556.96  2240.96  443.639  
6.6  1.58777  164.463  0.23698  121.867  556.93  2205.31  479.143  
6.7  1.61146  176.552  0.23698  120.886  556.901  2169.95  514.361  
6.8  1.63516  188.542  0.23698  119.905  556.871  2134.87  549.294  
6.9  1.65886  200.435  0.23698  118.924  556.841  2100.08  583.941  
7  1.68256  212.229  0.23698  117.943  556.811  2065.58  618.302  
7.1  1.70626  223.925  0.23698  116.962  556.782  2031.36  652.378  
7.2  1.72995  235.523  0.23698  115.981  556.752  1997.43  686.167  
7.3  1.75365  247.023  0.23698  115  556.722  1963.78  719.671  
7.4  1.77735  258.425  0.23698  114.019  556.693  1930.42  752.889  
7.5  1.80105  269.729  0.23698  113.038  556.663  1897.34  785.821  
7.6  1.82475  280.934  0.23698  112.057  556.633  1864.55  818.467  
7.7  1.84844  292.042  0.23698  111.076  556.604  1832.05  850.828  
7.8  1.87214  303.052  0.23698  110.095  556.574  1799.83  882.902  
7.9  1.89584  313.963  0.23698  109.114  556.544  1767.9  914.691  
8  1.91954  324.776  0.23698  108.133  556.514  1736.26  946.194  
8.1  1.94324  335.491  0.23698  107.152  556.485  1704.9  977.412  
8.2  1.96693  346.108  0.23698  106.171  556.455  1673.82  1008.34  
8.3  1.99063  356.627  0.23698  105.19  556.425  1643.03  1038.99  
8.4  2.01433  367.048  0.23698  104.209  556.396  1612.53  1069.35  
8.5  2.03803  377.371  0.23698  103.228  556.366  1582.31  1099.42  
8.6  2.06173  387.596  0.23698  102.247  556.336  1552.38  1129.21  
8.7  2.08542  397.722  0.23698  101.266  556.307  1522.74  1158.71  
8.8  2.10912  407.751  0.23698  100.285  556.277  1493.38  1187.93  
8.9  2.13282  417.681  0.23698  99.3037  556.247  1464.3  1216.86  
9  2.15652  427.513  0.23698  98.3227  556.217  1435.51  1245.51  
9.1  2.18022  437.248  0.23698  97.3417  556.188  1407.01  1273.87  
9.2  2.20391  446.884  0.23698  96.3607  556.158  1378.8  1301.94  
9.3  2.22761  456.422  0.23698  95.3797  556.128  1350.87  1329.73  
9.4  2.25131  465.862  0.23698  94.3987  556.099  1323.22  1357.23  
9.5  2.27501  475.203  0.23698  93.4177  556.069  1295.86  1384.44  
9.6  2.29871  484.447  0.23698  92.4367  556.039  1268.79  1411.38  
9.7  2.3224  493.593  0.23698  91.4557  556.01  1242  1438.02  
9.8  2.3461  502.64  0.23698  90.4747  555.98  1215.5  1464.38  
9.9  2.3698  511.589  0.23698  89.4937  555.95  1189.28  1490.45  
10  2.3935  520.441  0.23698  88.5127  555.92  1163.35  1516.24  
10.1  2.4172  529.194  0.23698  87.5317  555.891  1137.71  1541.74  
10.2  2.44089  537.849  0.23698  86.5507  555.861  1112.35  1566.95  
10.3  2.46459  546.406  0.23698  85.5697  555.831  1087.28  1591.88  
10.4  2.48829  554.865  0.23698  84.5887  555.802  1062.49  1616.53  
10.5  2.51199  563.226  0.23698  83.6077  555.772  1037.99  1640.89  
10.6  2.53569  571.488  0.23698  82.6267  555.742  1013.78  1664.96  
10.7  2.55938  579.653  0.23698  81.6457  555.713  989.847  1688.75  
10.8  2.58308  587.719  0.23698  80.6647  555.683  966.203  1712.25  
10.9  2.60678  595.688  0.23698  79.6837  555.653  942.845  1735.46  
11  2.63048  603.558  0.23698  78.7027  555.623  919.774  1758.39  
11.1  2.65418  611.33  0.23698  77.7217  555.594  896.987  1781.03  
11.2  2.67787  619.004  0.23698  76.7407  555.564  874.487  1803.39  
11.3  2.70157  626.58  0.23698  75.7597  555.534  852.272  1825.46  
11.4  2.72527  634.058  0.23698  74.7787  555.505  830.344  1847.25  
11.5  2.74897  641.438  0.23698  73.7977  555.475  808.701  1868.75  
11.6  2.77267  648.719  0.23698  72.8167  555.445  787.344  1889.96  
11.7  2.79636  655.903  0.23698  71.8357  555.416  766.272  1910.89  
11.8  2.82006  662.988  0.23698  70.8547  555.386  745.487  1931.53  
11.9  2.84376  669.976  0.23698  69.8737  555.356  724.987  1951.89  
12  2.86746  676.865  0.23698  68.8927  555.326  704.773  1971.96  
12.1  2.89116  683.656  0.23698  67.9117  555.297  684.845  1991.75  
12.2  2.91485  690.349  0.23698  66.9307  555.267  665.203  2011.25  
12.3  2.93855  696.944  0.23698  65.9497  555.237  645.846  2030.46  
12.4  2.96225  703.441  0.23698  64.9687  555.208  626.775  2049.39  
12.5  2.98595  709.84  0.23698  63.9877  555.178  607.99  2068.03  
12.6  3.00965  716.141  0.23698  63.0067  555.148  589.491  2086.39  
12.7  3.03334  722.343  0.23698  62.0257  555.119  571.278  2104.46  
12.8  3.05704  728.448  0.23698  61.0447  555.089  553.351  2122.24  
12.9  3.08074  734.454  0.23698  60.0637  555.059  535.709  2139.74  
13  3.10444  740.362  0.23698  59.0827  555.029  518.353  2156.95  
13.1  3.12814  746.173  0.23698  58.1017  555  501.283  2173.88  
13.2  3.15183  751.885  0.23698  57.1207  554.97  484.498  2190.52  
13.3  3.17553  757.499  0.23698  56.1397  554.94  468  2206.88  
13.4  3.19923  763.014  0.23698  55.1587  554.911  451.787  2222.95  
13.5  3.22293  768.432  0.23698  54.1777  554.881  435.86  2238.73  
13.6  3.24663  773.752  0.23698  53.1967  554.851  420.219  2254.23  
13.7  3.27032  778.974  0.23698  52.2157  554.822  404.864  2269.44  
13.8  3.29402  784.097  0.23698  51.2347  554.792  389.794  2284.37  
13.9  3.31772  789.122  0.23698  50.2537  554.762  375.011  2299.01  
14  3.34142  794.05  0.23698  49.2727  554.732  360.513  2313.36  
14.1  3.36512  798.879  0.23698  48.2917  554.703  346.301  2327.43  
14.2  3.38881  803.61  0.23698  47.3107  554.673  332.374  2341.22  
14.3  3.41251  808.243  0.23698  46.3297  554.643  318.734  2354.71  
14.4  3.43621  812.778  0.23698  45.3487  554.614  305.379  2367.93  
14.5  3.45991  817.215  0.23698  44.3677  554.584  292.31  2380.85  
14.6  3.48361  821.553  0.23698  43.3867  554.554  279.527  2393.49  
14.7  3.5073  825.794  0.23698  42.4057  554.525  267.03  2405.85  
14.8  3.531  829.936  0.23698  41.4247  554.495  254.819  2417.91  
14.9  3.5547  833.981  0.23698  40.4437  554.465  242.893  2429.7  
15  3.5784  837.927  0.23698  39.4627  554.435  231.253  2441.19  
15.1  3.6021  841.775  0.23698  38.4817  554.406  219.899  2452.41  
15.2  3.62579  845.525  0.23698  37.5007  554.376  208.831  2463.33  
15.3  3.64949  849.177  0.23698  36.5197  554.346  198.048  2473.97  
15.4  3.67319  852.731  0.23698  35.5387  554.317  187.552  2484.32  
15.5  3.69689  856.187  0.23698  34.5577  554.287  177.341  2494.39  
15.6  3.72059  859.544  0.23698  33.5767  554.257  167.416  2504.17  
15.7  3.74428  862.804  0.23698  32.5957  554.228  157.776  2513.67  
15.8  3.76798  865.965  0.23698  31.6147  554.198  148.423  2522.88  
15.9  3.79168  869.029  0.23698  30.6337  554.168  139.355  2531.81  
16  3.81538  871.994  0.23698  29.6527  554.138  130.573  2540.44  
16.1  3.83908  874.861  0.23698  28.6717  554.109  122.077  2548.8  
16.2  3.86277  877.63  0.23698  27.6907  554.079  113.867  2556.87  
16.3  3.88647  880.301  0.23698  26.7097  554.049  105.943  2564.65  
16.4  3.91017  882.874  0.23698  25.7287  554.02  98.304  2572.14  
16.5  3.93387  885.349  0.23698  24.7477  553.99  90.9512  2579.35  
16.6  3.95757  887.726  0.23698  23.7667  553.96  83.8841  2586.28  
16.7  3.98126  890.004  0.23698  22.7857  553.931  77.1029  2592.92  
16.8  4.00496  892.185  0.23698  21.8047  553.901  70.6074  2599.27  
16.9  4.02866  894.267  0.23698  20.8237  553.871  64.3978  2605.33  
17  4.05236  896.251  0.23698  19.8427  553.841  58.474  2611.12  
17.1  4.07606  898.138  0.23698  18.8617  553.812  52.8359  2616.61  
17.2  4.09975  899.926  0.23698  17.8807  553.782  47.4837  2621.82  
17.3  4.12345  901.616  0.23698  16.8997  553.752  42.4173  2626.74  
17.4  4.14715  903.207  0.23698  15.9187  553.723  37.6367  2631.38  
17.5  4.17085  904.701  0.23698  14.9377  553.693  33.1418  2635.73  
17.6  4.19455  906.097  0.23698  13.9567  553.663  28.9328  2639.8  
17.7  4.21824  907.394  0.23698  12.9757  553.634  25.0096  2643.58  
17.8  4.24194  908.594  0.23698  11.9947  553.604  21.3722  2647.07  
17.9  4.26564  909.695  0.23698  11.0137  553.574  18.0206  2650.28  
18  4.28934  910.699  0.23698  10.0327  553.544  14.9547  2653.21  
18.1  4.31304  911.604  0.23698  9.05174  553.515  12.1747  2655.84  
18.2  4.33673  912.411  0.23698  8.07074  553.485  9.68052  2658.19  
18.3  4.36043  913.12  0.23698  7.08974  553.455  7.47211  2660.26  
18.4  4.38413  913.731  0.23698  6.10874  553.426  5.54951  2662.04  
18.5  4.40783  914.243  0.23698  5.12774  553.396  3.9127  2663.53  
18.6  4.43153  914.658  0.23698  4.14674  553.366  2.5617  2664.74  
18.7  4.45522  914.975  0.23698  3.16574  553.337  1.4965  2665.66  
18.8  4.47892  915.193  0.23698  2.18474  553.307  0.717098  2666.3  
18.9  4.50262  915.314  0.23698  1.20374  553.277  0.223501  2666.65  
19  4.52632  915.336  0.23698  0.222745  553.247  0.0157065  2666.72  
19.1  4.55002  915.26  0.23698  -0.758255  553.218  0.0937136  2666.49  
19.2  4.57371  915.086  0.23698  -1.73926  553.188  0.457523  2665.99  
19.3  4.59741  914.814  0.23698  -2.72026  553.158  1.10713  2665.2  
19.4  4.62111  914.444  0.23698  -3.70126  553.129  2.04255  2664.12  
19.5  4.64481  913.976  0.23698  -4.68226  553.099  3.26376  2662.75  
19.6  4.66851  913.409  0.23698  -5.66326  553.069  4.77078  2661.1  
19.7  4.6922  912.745  0.23698  -6.64426  553.04  6.5636  2659.17  
19.8  4.7159  911.982  0.23698  -7.62526  553.01  8.64222  2656.95  
19.9  4.7396  911.122  0.23698  -8.60626  552.98  11.0066  2654.44  
