0  0  1.6598  0.23698  4.905  0  0  0  
0  0.23698  -3.2452  0.23698  -4.905  318.899  3.58086  1535.59  
1  0.47396  2953.53  0.23698  2956.78  271598  1.29818e+06  8604.75  
2  0.71094  5900.5  0.23698  2946.97  271595  1.28958e+06  17190.4  
3  -38.277  8837.66  -38.9879  2937.16  271639  1.28123e+06  25747.4  
4  32591.9  11765  32630.2  2927.35  3.3131e+07  1.59374e+08  34275.9  
5  -2.77621e+07  14682.6  -2.77947e+07  2917.54  2.38421e+13  1.14715e+14  42775.8  
6  2.36485e+10  17590.3  2.36763e+10  2907.73  1.73001e+19  8.32385e+19  51247.1  
7  -2.01445e+13  20488.2  -2.01681e+13  2897.92  1.25531e+25  6.03986e+25  59689.8  
8  1.71596e+16  23376.3  1.71797e+16  2888.11  9.10867e+30  4.38259e+31  68103.9  
9  -1.4617e+19  26254.6  -1.46342e+19  2878.3  6.60934e+36  3.18005e+37  76489.5  
10  1.24512e+22  29123.1  1.24658e+22  2868.49  4.7958e+42  2.30747e+43  84846.5  
11  -1.06062e+25  31981.8  -1.06187e+25  2858.68  3.47988e+48  1.67433e+49  93174.9  
12  9.03469e+27  34830.6  9.0453e+27  2848.87  2.52504e+54  1.21491e+55  101475  
13  -7.696e+30  37669.7  -7.70503e+30  2839.06  1.83219e+60  8.81549e+60  109746  
14  6.55566e+33  40499  6.56336e+33  2829.25  1.32946e+66  6.3966e+66  117989  
15  -5.58429e+36  43318.4  -5.59085e+36  2819.44  9.64666e+71  4.64144e+72  126203  
16  4.75685e+39  46128  4.76244e+39  2809.63  6.99971e+77  3.36787e+78  134388  
17  -4.05202e+42  48927.8  -4.05677e+42  2799.82  5.07906e+83  2.44376e+84  142545  
18  3.45162e+45  51717.8  3.45567e+45  2790.01  3.68542e+89  1.77322e+90  150673  
19  -2.94018e+48  54498  -2.94364e+48  2780.2  2.67417e+95  1.28666e+96  158773  
