0  0  1.6598  0.23698  0.24525  0  0  0  
0  0.011849  1.64754  0.23698  -0.24525  0.00118842  0.0172704  4.79989  
0.05  0.023698  1.61075  0.23698  -0.73575  -0.00623663  0.0887209  4.69272  
0.1  0.035547  1.54944  0.23698  -1.22625  -0.0136617  0.231622  4.51409  
0.15  0.047396  1.4636  0.23698  -1.71675  -0.0210867  0.445973  4.26401  
0.2  0.059245  1.35324  0.23698  -2.20725  -0.0285118  0.731775  3.94249  
0.25  0.071094  1.21835  0.23698  -2.69775  -0.0359369  1.08903  3.54951  
0.3  0.082943  1.05894  0.23698  -3.18825  -0.0433619  1.51773  3.08508  
0.35  0.094792  0.875  0.23698  -3.67875  -0.050787  2.01788  2.5492  
0.4  0.106641  0.666537  0.23698  -4.16925  -0.058212  2.58949  1.94187  
0.45  0.11849  0.43355  0.23698  -4.65975  -0.0656371  3.23254  1.26309  
0.5  0.130339  0.176037  0.23698  -5.15025  -0.0880442  3.94705  0.440778  
0.55  0.142188  0.0198597  0.23698  -3.12356  0.522492  1.4571  5.86829  
0.6  0.154037  0.298389  0.23698  5.57059  0.140099  4.6162  0.869319  
0.65  0.165886  0.552394  0.23698  5.08009  0.132674  3.84047  1.60933  
0.7  0.177735  0.781873  0.23698  4.58959  0.125249  3.13618  2.27789  
0.75  0.189584  0.986828  0.23698  4.09909  0.117824  2.50335  2.875  
0.8  0.201433  1.16726  0.23698  3.60859  0.110399  1.94197  3.40066  
0.85  0.213282  1.32316  0.23698  3.11809  0.102974  1.45203  3.85487  
0.9  0.225131  1.45454  0.23698  2.62759  0.0955487  1.03355  4.23762  
0.95  0.23698  1.5614  0.23698  2.13709  0.0881237  0.686517  4.54893  
1  0.248829  1.64373  0.23698  1.64659  0.0806986  0.410935  4.78879  
1.05  0.260678  1.70153  0.23698  1.15609  0.0732736  0.206803  4.95719  
1.1  0.272527  1.73481  0.23698  0.665591  0.0658485  0.0741219  5.05415  
1.15  0.284376  1.74356  0.23698  0.175091  0.0584235  0.0128914  5.07965  
1.2  0.296225  1.72779  0.23698  -0.315409  0.0509984  0.0231113  5.03371  
1.25  0.308074  1.6875  0.23698  -0.805909  0.0435733  0.104782  4.91631  
1.3  0.319923  1.62268  0.23698  -1.29641  0.0361483  0.257903  4.72747  
1.35  0.331772  1.53333  0.23698  -1.78691  0.0287232  0.482474  4.46717  
1.4  0.343621  1.41946  0.23698  -2.27741  0.0212982  0.778496  4.13542  
1.45  0.35547  1.28107  0.23698  -2.76791  0.0138731  1.14597  3.73223  
1.5  0.367319  1.11815  0.23698  -3.25841  0.00644807  1.58489  3.25758  
1.55  0.379168  0.930701  0.23698  -3.74891  -0.000976985  2.09526  2.71148  
1.6  0.391017  0.71873  0.23698  -4.23941  -0.00840204  2.67709  2.09393  
1.65  0.402866  0.482235  0.23698  -4.72991  -0.0158271  3.33036  1.40493  
1.7  0.414715  0.221215  0.23698  -5.22041  -0.152192  4.05509  0.0240939  
1.75  0.426564  -0.0349049  0.23698  -5.12239  1.73113  3.90455  9.23612  
1.8  0.438413  0.260582  0.23698  5.90974  0.237367  5.19435  0.759172  
1.85  0.450262  0.531544  0.23698  5.41924  0.229942  4.36921  1.54859  
1.9  0.462111  0.77798  0.23698  4.92874  0.222516  3.61552  2.26655  
1.95  0.47396  0.999892  0.23698  4.43824  0.215091  2.93329  2.91306  
2  0.485809  1.19728  0.23698  3.94774  0.207666  2.3225  3.48812  
2.05  0.497658  1.37014  0.23698  3.45724  0.200241  1.78316  3.99173  
2.1  0.509507  1.51848  0.23698  2.96674  0.192816  1.31528  4.42389  
2.15  0.521356  1.64229  0.23698  2.47624  0.185391  0.918842  4.7846  
2.2  0.533205  1.74158  0.23698  1.98574  0.177966  0.593857  5.07386  
2.25  0.545054  1.81634  0.23698  1.49524  0.170541  0.340323  5.29167  
2.3  0.556903  1.86657  0.23698  1.00474  0.163116  0.158239  5.43803  
2.35  0.568752  1.89229  0.23698  0.514236  0.155691  0.0476056  5.51294  
2.4  0.580601  1.89347  0.23698  0.0237358  0.148266  0.00842278  5.5164  
2.45  0.59245  1.87014  0.23698  -0.466764  0.140841  0.0406905  5.4484  
2.5  0.604299  1.82227  0.23698  -0.957264  0.133416  0.144409  5.30896  
2.55  0.616148  1.74988  0.23698  -1.44776  0.125991  0.319577  5.09807  
2.6  0.627997  1.65297  0.23698  -1.93826  0.118566  0.566196  4.81572  
2.65  0.639846  1.53153  0.23698  -2.42876  0.111141  0.884266  4.46193  
2.7  0.651695  1.38557  0.23698  -2.91926  0.103716  1.27379  4.03668  
2.75  0.663544  1.21508  0.23698  -3.40976  0.0962905  1.73476  3.53998  
2.8  0.675393  1.02007  0.23698  -3.90026  0.0888655  2.26718  2.97184  
2.85  0.687242  0.800529  0.23698  -4.39076  0.0814404  2.87105  2.33224  
2.9  0.699091  0.556466  0.23698  -4.88126  0.0740154  3.54637  1.62119  
2.95  0.71094  0.287878  0.23698  -5.37176  0.0665903  4.29314  0.838696  
3  0.722789  -0.00523523  0.23698  -5.86226  1.58311  5.11137  7.31714  
3.05  0.734638  0.189926  0.23698  3.90322  -0.474547  2.2706  0.257587  
3.1  0.746487  0.456776  0.23698  5.337  0.157371  4.23787  1.33076  
3.15  0.758336  0.699101  0.23698  4.8465  0.149946  3.49616  2.03674  
3.2  0.770185  0.916901  0.23698  4.356  0.142521  2.8259  2.67128  
3.25  0.782034  1.11018  0.23698  3.8655  0.135096  2.22709  3.23436  
3.3  0.793883  1.27893  0.23698  3.375  0.127671  1.69974  3.72599  
3.35  0.805732  1.42315  0.23698  2.8845  0.120246  1.24383  4.14617  
3.4  0.817581  1.54285  0.23698  2.394  0.112821  0.859372  4.4949  
3.45  0.82943  1.63803  0.23698  1.9035  0.105396  0.546366  4.77218  
3.5  0.841279  1.70868  0.23698  1.413  0.0979707  0.304811  4.97801  
3.55  0.853128  1.7548  0.23698  0.922503  0.0905456  0.134706  5.11239  
3.6  0.864977  1.7764  0.23698  0.432003  0.0831206  0.0360513  5.17532  
3.65  0.876826  1.77348  0.23698  -0.0584974  0.0756955  0.00884725  5.1668  
3.7  0.888675  1.74603  0.23698  -0.548997  0.0682704  0.0530937  5.08683  
3.75  0.900524  1.69405  0.23698  -1.0395  0.0608454  0.168791  4.93541  
3.8  0.912373  1.61755  0.23698  -1.53  0.0534203  0.355938  4.71254  
3.85  0.924222  1.51653  0.23698  -2.0205  0.0459953  0.614536  4.41821  
3.9  0.936071  1.39098  0.23698  -2.511  0.0385702  0.944585  4.05244  
3.95  0.94792  1.2409  0.23698  -3.0015  0.0311452  1.34608  3.61521  
4  0.959769  1.0663  0.23698  -3.492  0.0237201  1.81903  3.10654  
4.05  0.971618  0.867178  0.23698  -3.9825  0.0162951  2.36343  2.52641  
4.1  0.983467  0.643529  0.23698  -4.473  0.00887  2.97928  1.87484  
4.15  0.995316  0.395354  0.23698  -4.9635  0.00144494  3.66658  1.15181  
4.2  1.00717  0.122654  0.23698  -5.454  0.252342  4.42534  1.60024  
4.25  1.01901  0.0652399  0.23698  -1.14828  -0.198187  0.204129  3.65375  
4.3  1.03086  0.345666  0.23698  5.60852  0.181812  4.67917  1.00705  
4.35  1.04271  0.601567  0.23698  5.11802  0.174387  3.89791  1.75259  
4.4  1.05456  0.832943  0.23698  4.62752  0.166962  3.1881  2.42668  
4.45  1.06641  1.03979  0.23698  4.13702  0.159537  2.54974  3.02931  
4.5  1.07826  1.22212  0.23698  3.64652  0.152112  1.98283  3.56049  
4.55  1.09011  1.37992  0.23698  3.15602  0.144687  1.48737  4.02023  
4.6  1.10196  1.5132  0.23698  2.66552  0.137262  1.06336  4.40851  
4.65  1.11381  1.62195  0.23698  2.17502  0.129837  0.710804  4.72534  
4.7  1.12566  1.70618  0.23698  1.68452  0.122412  0.429697  4.97073  
4.75  1.1375  1.76588  0.23698  1.19402  0.114987  0.22004  5.14466  
4.8  1.14935  1.80105  0.23698  0.703523  0.107562  0.0818334  5.24714  
4.85  1.1612  1.8117  0.23698  0.213023  0.100137  0.0150774  5.27817  
4.9  1.17305  1.79783  0.23698  -0.277477  0.0927116  0.0197719  5.23775  
4.95  1.1849  1.75943  0.23698  -0.767977  0.0852865  0.0959169  5.12588  
5  1.19675  1.69651  0.23698  -1.25848  0.0778615  0.243512  4.94256  
5.05  1.2086  1.60906  0.23698  -1.74898  0.0704364  0.462558  4.68779  
5.1  1.22045  1.49708  0.23698  -2.23948  0.0630114  0.753055  4.36157  
5.15  1.2323  1.36059  0.23698  -2.72998  0.0555863  1.115  3.96389  
5.2  1.24415  1.19956  0.23698  -3.22048  0.0481612  1.5484  3.49477  
5.25  1.25599  1.01401  0.23698  -3.71098  0.0407362  2.05325  2.9542  
5.3  1.26784  0.803939  0.23698  -4.20148  0.0333111  2.62955  2.34217  
5.35  1.27969  0.56934  0.23698  -4.69198  0.0258861  3.27729  1.6587  
5.4  1.29154  0.310216  0.23698  -5.18248  0.018461  3.99649  0.903775  
5.45  1.30339  0.0265671  0.23698  -5.67298  1.13974  4.78714  5.50808  
5.5  1.31524  0.163308  0.23698  2.73482  -0.632008  1.11893  0.651639  
5.55  1.32709  0.428556  0.23698  5.30495  0.129756  4.18722  1.24854  
5.6  1.33894  0.669278  0.23698  4.81445  0.122331  3.45018  1.94986  
5.65  1.35079  0.885475  0.23698  4.32395  0.114906  2.78459  2.57972  
5.7  1.36264  1.07715  0.23698  3.83345  0.107481  2.19045  3.13813  
5.75  1.37448  1.2443  0.23698  3.34295  0.100056  1.66776  3.6251  
5.8  1.38633  1.38692  0.23698  2.85245  0.0926307  1.21652  4.04061  
5.85  1.39818  1.50502  0.23698  2.36195  0.0852056  0.836735  4.38467  
5.9  1.41003  1.59859  0.23698  1.87145  0.0777806  0.528399  4.65728  
5.95  1.42188  1.66764  0.23698  1.38095  0.0703555  0.291512  4.85844  
6  1.43373  1.71216  0.23698  0.890449  0.0629305  0.126077  4.98815  
6.05  1.44558  1.73215  0.23698  0.399949  0.0555054  0.0320914  5.04641  
6.1  1.45743  1.72763  0.23698  -0.0905513  0.0480804  0.00955668  5.03322  
6.15  1.46928  1.69857  0.23698  -0.581051  0.0406553  0.0584724  4.94858  
6.2  1.48113  1.645  0.23698  -1.07155  0.0332303  0.178839  4.79249  
6.25  1.49297  1.56689  0.23698  -1.56205  0.0258052  0.370655  4.56495  
6.3  1.50482  1.46427  0.23698  -2.05255  0.0183801  0.633923  4.26596  
6.35  1.51667  1.33711  0.23698  -2.54305  0.0109551  0.96864  3.89551  
6.4  1.52852  1.18544  0.23698  -3.03355  0.00353003  1.37481  3.45362  
6.45  1.54037  1.00923  0.23698  -3.52405  -0.00389502  1.85243  2.94028  
6.5  1.55222  0.808507  0.23698  -4.01455  -0.0113201  2.4015  2.35548  
6.55  1.56407  0.583254  0.23698  -4.50505  -0.0187451  3.02202  1.69924  
6.6  1.57592  0.333477  0.23698  -4.99555  -0.0261702  3.71399  0.971542  
6.65  1.58777  0.0591742  0.23698  -5.48605  0.745199  4.47741  3.91952  
6.7  1.59962  0.135659  0.23698  1.5297  -0.666007  0.355805  1.25119  
6.75  1.61146  0.399669  0.23698  5.2802  0.104179  4.14831  1.16439  
6.8  1.62331  0.639154  0.23698  4.7897  0.0967541  3.41488  1.86209  
6.85  1.63516  0.854114  0.23698  4.2992  0.0893291  2.75289  2.48835  
6.9  1.64701  1.04455  0.23698  3.8087  0.081904  2.16236  3.04316  
6.95  1.65886  1.21046  0.23698  3.3182  0.074479  1.64328  3.52652  
7  1.67071  1.35184  0.23698  2.8277  0.0670539  1.19565  3.93843  
7.05  1.68256  1.4687  0.23698  2.3372  0.0596288  0.819464  4.27888  
7.1  1.69441  1.56104  0.23698  1.8467  0.0522038  0.514733  4.54789  
7.15  1.70626  1.62885  0.23698  1.3562  0.0447787  0.281452  4.74544  
7.2  1.7181  1.67213  0.23698  0.865697  0.0373537  0.119622  4.87155  
7.25  1.72995  1.69089  0.23698  0.375197  0.0299286  0.0292425  4.9262  
7.3  1.7418  1.68513  0.23698  -0.115303  0.0225036  0.0103133  4.90941  
7.35  1.75365  1.65484  0.23698  -0.605803  0.0150785  0.0628346  4.82116  
7.4  1.7655  1.60002  0.23698  -1.0963  0.00765346  0.186806  4.66146  
7.45  1.77735  1.52068  0.23698  -1.5868  0.000228402  0.382229  4.43032  
7.5  1.7892  1.41682  0.23698  -2.0773  -0.00719665  0.649101  4.12772  
7.55  1.80105  1.28843  0.23698  -2.5678  -0.0146217  0.987425  3.75367  
7.6  1.8129  1.13551  0.23698  -3.0583  -0.0220468  1.3972  3.30817  
7.65  1.82475  0.958071  0.23698  -3.5488  -0.0294718  1.87842  2.79122  
7.7  1.83659  0.756106  0.23698  -4.0393  -0.0368969  2.4311  2.20282  
7.75  1.84844  0.529616  0.23698  -4.5298  -0.0443219  3.05522  1.54297  
7.8  1.86029  0.278601  0.23698  -5.0203  -0.051747  3.7508  0.811669  
7.85  1.87214  0.00306084  0.23698  -5.5108  1.35653  4.51782  6.8205  
7.9  1.88399  0.198086  0.23698  3.90051  -0.49283  2.26746  0.172759  
7.95  1.89584  0.447382  0.23698  4.98591  0.0398291  3.69969  1.30339  
8  1.90769  0.672152  0.23698  4.49541  0.0324041  3.00913  1.95823  
8.05  1.91954  0.872397  0.23698  4.00491  0.024979  2.39001  2.54162  
8.1  1.93139  1.04812  0.23698  3.51441  0.017554  1.84235  3.05356  
8.15  1.94324  1.19931  0.23698  3.02391  0.0101289  1.36613  3.49405  
8.2  1.95508  1.32598  0.23698  2.53341  0.00270384  0.96137  3.86308  
8.25  1.96693  1.42813  0.23698  2.04291  -0.00472121  0.628057  4.16067  
8.3  1.97878  1.50575  0.23698  1.55241  -0.0121463  0.366195  4.38681  
8.35  1.99063  1.55884  0.23698  1.06191  -0.0195713  0.175783  4.5415  
8.4  2.00248  1.58741  0.23698  0.571406  -0.0269964  0.0568218  4.62473  
8.45  2.01433  1.59146  0.23698  0.0809061  -0.0344214  0.00931111  4.63652  
8.5  2.02618  1.57098  0.23698  -0.409594  -0.0418465  0.0332509  4.57685  
8.55  2.03803  1.52598  0.23698  -0.900094  -0.0492715  0.128641  4.44574  
8.6  2.04988  1.45645  0.23698  -1.39059  -0.0566966  0.295482  4.24317  
8.65  2.06173  1.36239  0.23698  -1.88109  -0.0641217  0.533773  3.96915  
8.7  2.07358  1.24381  0.23698  -2.37159  -0.0715467  0.843515  3.62369  
8.75  2.08542  1.10071  0.23698  -2.86209  -0.0789718  1.22471  3.20677  
8.8  2.09727  0.933077  0.23698  -3.35259  -0.0863968  1.67735  2.7184  
8.85  2.10912  0.740922  0.23698  -3.84309  -0.0938219  2.20144  2.15858  
8.9  2.12097  0.524242  0.23698  -4.33359  -0.101247  2.79699  1.52731  
8.95  2.13282  0.283038  0.23698  -4.82409  -0.108672  3.46398  0.824595  
9  2.14467  0.0173081  0.23698  -5.31459  1.12218  4.20243  6.00831  
9.05  2.15652  0.191732  0.23698  3.48849  -0.573362  1.81539  0.237353  
9.1  2.16837  0.43399  0.23698  4.84514  -0.0109878  3.4942  1.26437  
9.15  2.18022  0.651722  0.23698  4.35464  -0.0184129  2.82414  1.89871  
9.2  2.19207  0.844929  0.23698  3.86414  -0.025838  2.22553  2.46159  
9.25  2.20391  1.01361  0.23698  3.37364  -0.033263  1.69837  2.95303  
9.3  2.21576  1.15777  0.23698  2.88314  -0.0406881  1.24266  3.37301  
9.35  2.22761  1.2774  0.23698  2.39264  -0.0481131  0.858406  3.72155  
9.4  2.23946  1.37251  0.23698  1.90214  -0.0555382  0.545598  3.99863  
9.45  2.25131  1.44309  0.23698  1.41164  -0.0629632  0.304241  4.20426  
9.5  2.26316  1.48915  0.23698  0.921144  -0.0703883  0.134334  4.33844  
9.55  2.27501  1.51068  0.23698  0.430644  -0.0778133  0.0358772  4.40117  
9.6  2.28686  1.50769  0.23698  -0.0598563  -0.0852384  0.00887113  4.39245  
9.65  2.29871  1.48017  0.23698  -0.550356  -0.0926635  0.0533156  4.31228  
9.7  2.31056  1.42813  0.23698  -1.04086  -0.100089  0.16921  4.16066  
9.75  2.3224  1.35156  0.23698  -1.53136  -0.107514  0.356556  3.93759  
9.8  2.33425  1.25047  0.23698  -2.02186  -0.114939  0.615352  3.64307  
9.85  2.3461  1.12485  0.23698  -2.51236  -0.122364  0.945598  3.2771  
9.9  2.35795  0.974705  0.23698  -3.00286  -0.129789  1.3473  2.83968  
9.95  2.3698  0.800037  0.23698  -3.49336  -0.137214  1.82044  2.33081  
10  2.38165  0.600844  0.23698  -3.98386  -0.144639  2.36504  1.75048  
10.05  2.3935  0.377126  0.23698  -4.47436  -0.152064  2.98109  1.09871  
10.1  2.40535  0.128883  0.23698  -4.96486  0.0592003  3.66859  1.4277  
10.15  2.4172  0.0826292  0.23698  -0.925081  -0.360075  0.135413  2.94355  
10.2  2.42905  0.337096  0.23698  5.08935  0.005214  3.85444  0.982088  
10.25  2.44089  0.567039  0.23698  4.59885  -0.00221105  3.14881  1.652  
10.3  2.45274  0.772456  0.23698  4.10835  -0.00963611  2.51463  2.25045  
10.35  2.46459  0.953348  0.23698  3.61785  -0.0170612  1.9519  2.77746  
10.4  2.47644  1.10972  0.23698  3.12735  -0.0244862  1.46061  3.23302  
10.45  2.48829  1.24156  0.23698  2.63685  -0.0319113  1.04078  3.61712  
10.5  2.50014  1.34888  0.23698  2.14635  -0.0393363  0.692403  3.92978  
10.55  2.51199  1.43167  0.23698  1.65585  -0.0467614  0.415473  4.17098  
10.6  2.52384  1.48993  0.23698  1.16535  -0.0541864  0.209993  4.34074  
10.65  2.53569  1.52368  0.23698  0.674846  -0.0616115  0.0759639  4.43904  
10.7  2.54754  1.53289  0.23698  0.184346  -0.0690366  0.0133853  4.46589  
10.75  2.55938  1.51759  0.23698  -0.306154  -0.0764616  0.0222572  4.4213  
10.8  2.57123  1.47775  0.23698  -0.796654  -0.0838867  0.10258  4.30525  
10.85  2.58308  1.4134  0.23698  -1.28715  -0.0913117  0.254352  4.11775  
10.9  2.59493  1.32451  0.23698  -1.77765  -0.0987368  0.477576  3.8588  
10.95  2.60678  1.21111  0.23698  -2.26815  -0.106162  0.77225  3.5284  
11  2.61863  1.07317  0.23698  -2.75865  -0.113587  1.13837  3.12655  
11.05  2.63048  0.910715  0.23698  -3.24915  -0.121012  1.57595  2.65325  
11.1  2.64233  0.723733  0.23698  -3.73965  -0.128437  2.08497  2.1085  
11.15  2.65418  0.512225  0.23698  -4.23015  -0.135862  2.66545  1.4923  
11.2  2.66603  0.276192  0.23698  -4.72065  -0.143287  3.31738  0.804651  
11.25  2.67787  0.0156344  0.23698  -5.21115  1.10785  4.04075  6.10105  
11.3  2.68972  0.198803  0.23698  3.66338  -0.549566  2.00112  0.166115  
11.35  2.70157  0.434712  0.23698  4.71817  -0.0480261  3.31389  1.26648  
11.4  2.71342  0.646095  0.23698  4.22767  -0.0554512  2.66233  1.88232  
11.45  2.72527  0.832954  0.23698  3.73717  -0.0628762  2.08221  2.42671  
11.5  2.73712  0.995287  0.23698  3.24667  -0.0703013  1.57355  2.89964  
11.55  2.74897  1.1331  0.23698  2.75617  -0.0777263  1.13634  3.30113  
11.6  2.76082  1.24638  0.23698  2.26567  -0.0851514  0.770576  3.63117  
11.65  2.77267  1.33514  0.23698  1.77517  -0.0925764  0.476264  3.88975  
11.7  2.78452  1.39937  0.23698  1.28467  -0.100001  0.253403  4.07689  
11.75  2.79636  1.43908  0.23698  0.794169  -0.107427  0.101992  4.19258  
11.8  2.80821  1.45426  0.23698  0.303669  -0.114852  0.0220321  4.23681  
11.85  2.82006  1.44492  0.23698  -0.186831  -0.122277  0.0135223  4.2096  
11.9  2.83191  1.41105  0.23698  -0.677331  -0.129702  0.076463  4.11093  
11.95  2.84376  1.35266  0.23698  -1.16783  -0.137127  0.210854  3.94081  
12  2.85561  1.26975  0.23698  -1.65833  -0.144552  0.416696  3.69925  
12.05  2.86746  1.1623  0.23698  -2.14883  -0.151977  0.693988  3.38623  
12.1  2.87931  1.03034  0.23698  -2.63933  -0.159402  1.04273  3.00176  
12.15  2.89116  0.873847  0.23698  -3.12983  -0.166827  1.46292  2.54584  
12.2  2.90301  0.69283  0.23698  -3.62033  -0.174252  1.95457  2.01847  
12.25  2.91485  0.487289  0.23698  -4.11083  -0.181677  2.51766  1.41965  
12.3  2.9267  0.257222  0.23698  -4.60133  -0.189102  3.15221  0.749384  
12.35  2.93855  0.00263055  0.23698  -5.09183  1.2247  3.8582  6.84583  
12.4  2.9504  0.219523  0.23698  4.33785  -0.411229  2.80247  0.0303691  
12.45  2.96225  0.444927  0.23698  4.50808  -0.101661  3.02607  1.29624  
12.5  2.9741  0.645806  0.23698  4.01758  -0.109086  2.40511  1.88147  
12.55  2.98595  0.82216  0.23698  3.52708  -0.116511  1.8556  2.39526  
12.6  2.9978  0.973989  0.23698  3.03658  -0.123936  1.37754  2.83759  
12.65  3.00965  1.10129  0.23698  2.54608  -0.131361  0.970929  3.20848  
12.7  3.0215  1.20407  0.23698  2.05558  -0.138786  0.63577  3.50791  
12.75  3.03334  1.28233  0.23698  1.56508  -0.146211  0.372062  3.7359  
12.8  3.04519  1.33606  0.23698  1.07458  -0.153636  0.179804  3.89243  
12.85  3.05704  1.36526  0.23698  0.58408  -0.161061  0.0589965  3.97751  
12.9  3.06889  1.36994  0.23698  0.0935805  -0.168486  0.0096395  3.99114  
12.95  3.08074  1.35009  0.23698  -0.39692  -0.175911  0.031733  3.93332  
13  3.09259  1.30572  0.23698  -0.88742  -0.183336  0.125277  3.80405  
13.05  3.10444  1.23683  0.23698  -1.37792  -0.190762  0.290271  3.60333  
13.1  3.11629  1.1434  0.23698  -1.86842  -0.198187  0.526716  3.33116  
13.15  3.12814  1.02546  0.23698  -2.35892  -0.205612  0.834612  2.98754  
13.2  3.13999  0.882988  0.23698  -2.84942  -0.213037  1.21396  2.57247  
13.25  3.15183  0.715992  0.23698  -3.33992  -0.220462  1.66475  2.08595  
13.3  3.16368  0.524471  0.23698  -3.83042  -0.227887  2.187  1.52798  
13.35  3.17553  0.308425  0.23698  -4.32092  -0.235312  2.7807  0.898556  
13.4  3.18738  0.0678536  0.23698  -4.81142  0.452361  3.44585  3.54211  
13.45  3.19923  0.159544  0.23698  1.8338  -0.744452  0.507683  0.721874  
13.5  3.21108  0.387776  0.23698  4.56464  -0.120429  3.10227  1.12974  
13.55  3.22293  0.591483  0.23698  4.07414  -0.127854  2.47307  1.72321  
13.6  3.23478  0.770665  0.23698  3.58364  -0.135279  1.91532  2.24524  
13.65  3.24663  0.925322  0.23698  3.09314  -0.142704  1.42902  2.69581  
13.7  3.25848  1.05545  0.23698  2.60264  -0.150129  1.01417  3.07493  
13.75  3.27032  1.16106  0.23698  2.11214  -0.157554  0.670775  3.38261  
13.8  3.28217  1.24214  0.23698  1.62164  -0.164979  0.398827  3.61883  
13.85  3.29402  1.2987  0.23698  1.13114  -0.172404  0.19833  3.7836  
13.9  3.30587  1.33073  0.23698  0.640643  -0.17983  0.0692829  3.87692  
13.95  3.31772  1.33824  0.23698  0.150143  -0.187255  0.0116865  3.89879  
14  3.32957  1.32122  0.23698  -0.340357  -0.19468  0.0255406  3.84921  
14.05  3.34142  1.27968  0.23698  -0.830857  -0.202105  0.110845  3.72818  
14.1  3.35327  1.21361  0.23698  -1.32136  -0.20953  0.2676  3.5357  
14.15  3.36512  1.12302  0.23698  -1.81186  -0.216955  0.495806  3.27177  
14.2  3.37697  1.0079  0.23698  -2.30236  -0.22438  0.795462  2.93639  
14.25  3.38881  0.868258  0.23698  -2.79286  -0.231805  1.16657  2.52956  
14.3  3.40066  0.70409  0.23698  -3.28336  -0.23923  1.60913  2.05128  
14.35  3.41251  0.515397  0.23698  -3.77386  -0.246655  2.12313  1.50154  
14.4  3.42436  0.302179  0.23698  -4.26436  -0.25408  2.70859  0.880361  
14.45  3.43621  0.0644364  0.23698  -4.75486  0.466071  3.3655  3.68842  
14.5  3.44806  0.166249  0.23698  2.03625  -0.745752  0.624022  0.59928  
14.55  3.45991  0.390291  0.23698  4.48084  -0.142302  2.98971  1.13706  
14.6  3.47176  0.589807  0.23698  3.99034  -0.149727  2.37271  1.71833  
14.65  3.48361  0.764799  0.23698  3.49984  -0.157152  1.82717  2.22815  
14.7  3.49546  0.915266  0.23698  3.00934  -0.164577  1.35308  2.66651  
14.75  3.5073  1.04121  0.23698  2.51884  -0.172002  0.95044  3.03343  
14.8  3.51915  1.14262  0.23698  2.02834  -0.179427  0.619249  3.32889  
14.85  3.531  1.21952  0.23698  1.53784  -0.186852  0.359509  3.55291  
14.9  3.54285  1.27188  0.23698  1.04734  -0.194277  0.17122  3.70547  
14.95  3.5547  1.29973  0.23698  0.556837  -0.201702  0.054381  3.78659  
15  3.56655  1.30304  0.23698  0.0663368  -0.209127  0.00899257  3.79625  
15.05  3.5784  1.28183  0.23698  -0.424163  -0.216552  0.0350546  3.73446  
15.1  3.59025  1.2361  0.23698  -0.914663  -0.223977  0.132567  3.60122  
15.15  3.6021  1.16584  0.23698  -1.40516  -0.231402  0.30153  3.39654  
15.2  3.61395  1.07106  0.23698  -1.89566  -0.238827  0.541944  3.1204  
15.25  3.62579  0.951751  0.23698  -2.38616  -0.246252  0.853808  2.77281  
15.3  3.63764  0.807918  0.23698  -2.87666  -0.253677  1.23712  2.35377  
15.35  3.64949  0.63956  0.23698  -3.36716  -0.261103  1.69189  1.86328  
15.4  3.66134  0.446677  0.23698  -3.85766  -0.268528  2.2181  1.30134  
15.45  3.67319  0.229269  0.23698  -4.34816  -0.413911  2.81577  0.00416467  
15.5  3.68504  -0.000430544  0.23698  -4.59398  1.11362  3.14217  7.02738  
15.55  3.69689  0.247889  0.23698  4.96638  -0.0869626  3.67084  0.722192  
15.6  3.70874  0.471683  0.23698  4.47588  -0.0943876  2.98312  1.37419  
15.65  3.72059  0.670952  0.23698  3.98538  -0.101813  2.36685  1.95473  
15.7  3.73244  0.845696  0.23698  3.49488  -0.109238  1.82203  2.46383  
15.75  3.74428  0.995915  0.23698  3.00438  -0.116663  1.34866  2.90147  
15.8  3.75613  1.12161  0.23698  2.51388  -0.124088  0.946737  3.26767  
15.85  3.76798  1.22278  0.23698  2.02338  -0.131513  0.616268  3.56241  
15.9  3.77983  1.29942  0.23698  1.53288  -0.138938  0.35725  3.7857  
15.95  3.79168  1.35154  0.23698  1.04238  -0.146363  0.169682  3.93754  
16  3.80353  1.37914  0.23698  0.551882  -0.153788  0.0535653  4.01794  
16.05  3.81538  1.3822  0.23698  0.0613818  -0.161213  0.0088986  4.02688  
16.1  3.82723  1.36075  0.23698  -0.429118  -0.168638  0.0356824  3.96437  
16.15  3.83908  1.31477  0.23698  -0.919618  -0.176063  0.133917  3.83041  
16.2  3.85093  1.24426  0.23698  -1.41012  -0.183488  0.303602  3.625  
16.25  3.86277  1.14923  0.23698  -1.90062  -0.190913  0.544737  3.34814  
16.3  3.87462  1.02967  0.23698  -2.39112  -0.198338  0.857323  2.99983  
16.35  3.88647  0.885594  0.23698  -2.88162  -0.205763  1.24136  2.58007  
16.4  3.89832  0.716988  0.23698  -3.37212  -0.213189  1.69685  2.08885  
16.45  3.91017  0.523857  0.23698  -3.86262  -0.220614  2.22378  1.52619  
16.5  3.92202  0.306201  0.23698  -4.35312  -0.228039  2.82217  0.892079  
16.55  3.93387  0.0640204  0.23698  -4.84362  0.496109  3.49201  3.70644  
16.6  3.94572  0.162283  0.23698  1.96525  -0.739735  0.581836  0.670415  
16.65  3.95757  0.39124  0.23698  4.57915  -0.114237  3.12197  1.13983  
16.7  3.96942  0.595673  0.23698  4.08865  -0.121662  2.49066  1.73542  
16.75  3.98126  0.775581  0.23698  3.59815  -0.129087  1.93079  2.25956  
16.8  3.99311  0.930963  0.23698  3.10765  -0.136512  1.44238  2.71224  
16.85  4.00496  1.06182  0.23698  2.61715  -0.143937  1.02542  3.09348  
16.9  4.01681  1.16815  0.23698  2.12665  -0.151362  0.679907  3.40327  
16.95  4.02866  1.24996  0.23698  1.63615  -0.158787  0.405846  3.6416  
17  4.04051  1.30724  0.23698  1.14565  -0.166212  0.203235  3.80849  
17.05  4.05236  1.34  0.23698  0.655152  -0.173637  0.0720747  3.90392  
17.1  4.06421  1.34823  0.23698  0.164652  -0.181062  0.0123648  3.92791  
17.15  4.07606  1.33194  0.23698  -0.325848  -0.188487  0.0241053  3.88044  
17.2  4.08791  1.29112  0.23698  -0.816348  -0.195912  0.107296  3.76153  
17.25  4.09975  1.22578  0.23698  -1.30685  -0.203337  0.261938  3.57116  
17.3  4.1116  1.13591  0.23698  -1.79735  -0.210762  0.48803  3.30934  
17.35  4.12345  1.02152  0.23698  -2.28785  -0.218188  0.785572  2.97608  
17.4  4.1353  0.882605  0.23698  -2.77835  -0.225613  1.15457  2.57136  
17.45  4.14715  0.719162  0.23698  -3.26885  -0.233038  1.59501  2.09519  
17.5  4.159  0.531195  0.23698  -3.75935  -0.240463  2.1069  1.54757  
17.55  4.17085  0.318702  0.23698  -4.24985  -0.247888  2.69025  0.928499  
17.6  4.1827  0.0816851  0.23698  -4.74035  0.314612  3.34504  2.98014  
17.65  4.19455  0.147404  0.23698  1.31439  -0.742761  0.264872  0.972821  
17.7  4.2064  0.375578  0.23698  4.56347  -0.128146  3.10068  1.0942  
17.75  4.21824  0.579226  0.23698  4.07297  -0.135571  2.47165  1.6875  
17.8  4.23009  0.75835  0.23698  3.58247  -0.142996  1.91407  2.20936  
17.85  4.24194  0.912948  0.23698  3.09197  -0.150421  1.42794  2.65976  
17.9  4.25379  1.04302  0.23698  2.60147  -0.157846  1.01327  3.03871  
17.95  4.26564  1.14857  0.23698  2.11097  -0.165271  0.670039  3.34621  
18  4.27749  1.22959  0.23698  1.62047  -0.172696  0.398262  3.58227  
18.05  4.28934  1.28609  0.23698  1.12997  -0.180121  0.197936  3.74687  
18.1  4.30119  1.31807  0.23698  0.639469  -0.187546  0.0690597  3.84002  
18.15  4.31304  1.32551  0.23698  0.148969  -0.194971  0.0116344  3.86172  
18.2  4.32489  1.30844  0.23698  -0.341531  -0.202396  0.0256595  3.81197  
18.25  4.33673  1.26684  0.23698  -0.832031  -0.209821  0.111135  3.69077  
18.3  4.34858  1.20071  0.23698  -1.32253  -0.217246  0.268061  3.49811  
18.35  4.36043  1.11006  0.23698  -1.81303  -0.224671  0.496438  3.23401  
18.4  4.37228  0.994881  0.23698  -2.30353  -0.232097  0.796265  2.89846  
18.45  4.38413  0.855179  0.23698  -2.79403  -0.239522  1.16754  2.49146  
18.5  4.39598  0.690953  0.23698  -3.28453  -0.246947  1.61027  2.013  
18.55  4.40783  0.502201  0.23698  -3.77503  -0.254372  2.12445  1.4631  
18.6  4.41968  0.288925  0.23698  -4.26553  -0.261797  2.71008  0.841746  
18.65  4.43153  0.0511232  0.23698  -4.75603  0.590758  3.36716  4.28668  
18.7  4.44338  0.181295  0.23698  2.60343  -0.713088  1.01478  0.36568  
18.75  4.45522  0.401579  0.23698  4.40568  -0.156077  2.89054  1.16995  
18.8  4.46707  0.597338  0.23698  3.91518  -0.163502  2.28449  1.74027  
18.85  4.47892  0.768572  0.23698  3.42468  -0.170927  1.7499  2.23914  
18.9  4.49077  0.915282  0.23698  2.93418  -0.178353  1.28675  2.66656  
18.95  4.50262  1.03747  0.23698  2.44368  -0.185778  0.895061  3.02253  
19  4.51447  1.13512  0.23698  1.95318  -0.193203  0.574818  3.30704  
19.05  4.52632  1.20826  0.23698  1.46268  -0.200628  0.326025  3.52011  
19.1  4.53817  1.25687  0.23698  0.972184  -0.208053  0.148683  3.66173  
19.15  4.55002  1.28095  0.23698  0.481684  -0.215478  0.0427917  3.73189  
19.2  4.56187  1.28051  0.23698  -0.00881594  -0.222903  0.00835067  3.73061  
19.25  4.57371  1.25555  0.23698  -0.499316  -0.230328  0.0453601  3.65787  
19.3  4.58556  1.20606  0.23698  -0.989816  -0.237753  0.15382  3.51369  
19.35  4.59741  1.13204  0.23698  -1.48032  -0.245178  0.333731  3.29805  
19.4  4.60926  1.0335  0.23698  -1.97082  -0.252603  0.585091  3.01097  
19.45  4.62111  0.910433  0.23698  -2.46132  -0.260028  0.907903  2.65243  
19.5  4.63296  0.762842  0.23698  -2.95182  -0.267453  1.30216  2.22244  
19.55  4.64481  0.590726  0.23698  -3.44232  -0.274878  1.76788  1.72101  
19.6  4.65666  0.394085  0.23698  -3.93282  -0.282303  2.30504  1.14812  
19.65  4.66851  0.17292  0.23698  -4.42332  -0.292878  2.91365  0.488627  
19.7  4.68036  0.0597439  0.23698  -2.26351  -0.0307917  0.769127  3.89417  
19.75  4.6922  0.29614  0.23698  4.72792  -0.12909  3.32757  0.862766  
19.8  4.70405  0.508011  0.23698  4.23742  -0.136515  2.67459  1.48003  
19.85  4.7159  0.695357  0.23698  3.74692  -0.14394  2.09305  2.02583  
19.9  4.72775  0.858178  0.23698  3.25642  -0.151365  1.58297  2.50019  
19.95  4.7396  0.996474  0.23698  2.76592  -0.15879  1.14433  2.9031  
