0  0  1.6598  0.23698  4.905  0  0  0  
0  0.23698  -3.2452  0.23698  -4.905  318.899  3.58086  1535.59  
1  0.47396  2953.53  0.23698  2956.78  271598  1.29818e+06  8604.75  
2  0.71094  5900.5  0.23698  2946.97  271595  1.28958e+06  17190.4  
3  0.94792  8837.66  0.23698  2937.16  271592  1.28101e+06  25747.4  
4  1.1849  11765  0.23698  2927.35  271589  1.27247e+06  34275.9  
5  1.42188  14682.6  0.23698  2917.54  271586  1.26395e+06  42775.8  
6  1.65886  17590.3  0.23698  2907.73  271583  1.25547e+06  51247.1  
7  1.89584  20488.2  0.23698  2897.92  271580  1.24701e+06  59689.8  
8  2.13282  23376.3  0.23698  2888.11  271577  1.23858e+06  68103.9  
9  2.3698  26254.6  0.23698  2878.3  271575  1.23018e+06  76489.5  
10  2.60678  29123.1  0.23698  2868.49  271572  1.22181e+06  84846.5  
11  2.84376  31981.8  0.23698  2858.68  271569  1.21347e+06  93174.9  
12  3.08074  34830.6  0.23698  2848.87  271566  1.20515e+06  101475  
13  3.31772  37669.7  0.23698  2839.06  271563  1.19687e+06  109746  
14  3.5547  40499  0.23698  2829.25  271560  1.18861e+06  117989  
15  3.79168  43318.4  0.23698  2819.44  271557  1.18038e+06  126203  
16  4.02866  46128  0.23698  2809.63  271554  1.17218e+06  134388  
17  4.26564  48927.8  0.23698  2799.82  271551  1.16401e+06  142545  
18  4.50262  51717.8  0.23698  2790.01  271548  1.15587e+06  150673  
19  4.7396  54498  0.23698  2780.2  271545  1.14775e+06  158773  
